930
-1001
-1060
987
976
917
968
979
994
905
-1054
978
993
975
-1004
991
964
982
965
-1052
-1001
994
-1027
994
-99
-1008
986
982
923
994
991
-1070
958
968
-1001
992
-1052
980
-1001
988
985
986
-99
957
981
981
989
-1002
939
909
983
-1006
993
989
-1002
994
993
963
-1002
-1002
977
-1025
989
981
-1001
943
990
-1065
-1007
-1019
-1014
987
957
989
982
979
990
912
968
988
966
-1086
923
975
-1007
986
-1052
990
912
993
967
907
992
991
985
979
975
986
959
929
953
914
-1002
-1064
952
-1052
-1002
-1012
-1001
987
992
916
-1002
977
916
-1078
974
991
-1002
901
953
959
978
988
-50
909
974
975
978
975
911
971
-1001
933
981
972
-1052
989
912
-1065
-1002
990
908
939
955
992
-50
988
-1066
982
967
971
-1064
981
994
981
-1002
-1001
917
-1001
974
-1071
983
990
953
-1002
988
985
-1007
-1015
-1064
-1002
989
978
912
972
975
-1069
-1001
991
921
-1002
985
-1002
959
-1002
991
-1002
960
966
901
971
-1013
-99
975
984
911
991
-1001
954
973
-1079
937
974
-1001
-1074
991
990
926
975
961
993
-1006
-1002
977
-1065
988
909
905
993
993
-1002
-1001
991
989
993
991
983
955
979
979
-1002
-1002
982
991
-1077
981
-1066
977
984
-1004
981
962
970
981
972
918
978
911
969
